% Model:              3D 2024-05-17.mph
% Version:            COMSOL 6.0.0.318
% Date:               May 30 2024, 12:51
% Dimension:          3
% Nodes:              200
% Expressions:        6
% Description:        , , , , , 
% Length unit:        mm
% X                       Y                        Z                        real(u) (mm) @ freq=2E5  -imag(u) (mm) @ freq=2E5 real(v) (mm) @ freq=2E5  -imag(v) (mm) @ freq=2E5 real(w) (mm) @ freq=2E5  -imag(w) (mm) @ freq=2E5
2                         0                        0                        -6.423916560850149E-7    -3.40748707257705E-7     -2.0305979264759278E-9   2.9235348098021643E-9    -1.11752599113979E-6     -1.7327949057802027E-6
2.040201005025126         0                        0                        -6.293958248812364E-7    -3.460540847849723E-7    -4.058177280348568E-9    2.83296869363818E-9      -1.0618726791081289E-6   -1.7212567934566236E-6
2.080402010050251         0                        0                        -6.167057161854263E-7    -3.513048586106633E-7    -4.098350313200998E-9    2.758817839566934E-9     -1.006699969872025E-6    -1.7094944696343932E-6
2.120603015075377         0                        0                        -6.043089033167697E-7    -3.564863415959439E-7    -2.873865005567204E-9    2.703517315987121E-9     -9.525513630547435E-7    -1.6975329788483105E-6
2.1608040201005023        0                        0                        -5.920484129092906E-7    -3.615823647839945E-7    -1.7379022217962311E-9   2.653182316915658E-9     -8.998861769703047E-7    -1.6854116253797127E-6
2.2010050251256286        0                        0                        -5.799242449629884E-7    -3.665929281748152E-7    -6.904619618879584E-10   2.6078128423526098E-9    -8.487044116187066E-7    -1.6731304092285975E-6
2.241206030150754         0                        0                        -5.679363994778635E-7    -3.715180317684059E-7    2.684557741575624E-10    2.5674088922979943E-9    -7.990060669999494E-7    -1.6606893303949644E-6
2.2814070351758793        0                        0                        -5.560848764539161E-7    -3.763576755647666E-7    1.1388509863402975E-9    2.5319704667517582E-9    -7.507911431140344E-7    -1.6480883888788153E-6
2.321608040201005         0                        0                        -5.443696758911455E-7    -3.8111185956389707E-7   1.9207236746602938E-9    2.5014975657139473E-9    -7.040596399609597E-7    -1.6353275846801473E-6
2.3618090452261304        0                        0                        -5.327907977895524E-7    -3.8578058376579783E-7   2.6140738391175236E-9    2.4759901891845265E-9    -6.588115575407271E-7    -1.6224069177989644E-6
2.4020100502512562        0                        0                        -5.213482421491364E-7    -3.9036384817046855E-7   3.2189014797120337E-9    2.4554483371635053E-9    -6.150468958533354E-7    -1.6093263882352638E-6
2.442211055276382         0                        0                        -5.100420089698976E-7    -3.948616527779093E-7    3.7352065964437716E-9    2.4398720096509122E-9    -5.72765654898785E-7     -1.5960859959890463E-6
2.4824120603015074        0                        0                        -4.98872098251836E-7     -3.992739975881198E-7    4.162989189312753E-9     2.4292612066467225E-9    -5.319678346770759E-7    -1.5826857410603108E-6
2.522613065326633         0                        0                        -4.878385099949517E-7    -4.0360088260110054E-7   4.502249258318991E-9     2.4236159281509327E-9    -4.92653435188208E-7     -1.5691256234490588E-6
2.5628140703517586        0                        0                        -4.769412441992445E-7    -4.0784230781685124E-7   4.752986803462478E-9     2.422936174163554E-9     -4.5482245643218173E-7   -1.5554056431552906E-6
2.603015075376885         0                        0                        -4.661803008647145E-7    -4.119982732353719E-7    4.915201824743192E-9     2.4272219446845643E-9    -4.184748984089962E-7    -1.5415258001790039E-6
2.64321608040201          0                        0                        -4.5555567999136173E-7   -4.1606877885666245E-7   4.988894322161186E-9     2.4364732397140093E-9    -3.83610761118652E-7     -1.5274860945202004E-6
2.6834170854271355        0                        0                        -4.450673815791863E-7    -4.2005382468072333E-7   4.9740642957163875E-9    2.450690059251814E-9     -3.502300445611498E-7    -1.5132865261788815E-6
2.7236180904522613        0                        0                        -4.3539259275337457E-7   -4.2376094254352586E-7   4.9158038389180425E-9    2.449008693063949E-9     -3.1726494239847585E-7   -1.4988242552842714E-6
2.7638190954773867        0                        0                        -4.260643596848783E-7    -4.2728338389093026E-7   4.865916708327545E-9     2.4377342431207054E-9    -2.844963437672075E-7    -1.484202353639067E-6
2.8040201005025125        0                        0                        -4.167268114209509E-7    -4.3071452533433055E-7   4.8170233068949915E-9    2.426240169140462E-9     -2.5229733738446003E-7   -1.4694811948820396E-6
2.8442211055276383        0                        0                        -4.073799479615922E-7    -4.3405436687372656E-7   4.76912363462037E-9      2.414526471123205E-9     -2.206679232502337E-7    -1.4546607790131882E-6
2.884422110552764         0                        0                        -3.9802376930680256E-7   -4.373029085091183E-7    4.722217691503703E-9     2.4025931490689555E-9    -1.8960810136452853E-7   -1.439741106032514E-6
2.9246231155778895        0                        0                        -3.886582754565819E-7    -4.4046015024050604E-7   4.6763054775449834E-9    2.3904402029777145E-9    -1.5911787172734485E-7   -1.424722175940017E-6
2.964824120603015         0                        0                        -3.7928346641093016E-7   -4.4352609206788944E-7   4.6313869927442E-9       2.3780676328494584E-9    -1.2919723433868246E-7   -1.4096039887356963E-6
3.005025125628141         0                        0                        -3.698993421698472E-7    -4.465007339912688E-7    4.587462237101368E-9     2.36547543868421E-9      -9.984618919854077E-8    -1.3943865444195528E-6
3.045226130653267         0                        0                        -3.605059027333331E-7    -4.4938407601064385E-7   4.544531210616472E-9     2.352663620481948E-9     -7.106473630692037E-8    -1.379069842991586E-6
3.085427135678392         0                        0                        -3.5110314810138804E-7   -4.521761181260147E-7    4.5025939132895344E-9    2.3396321782427035E-9    -4.2852875663821167E-8   -1.3636538844517955E-6
3.1256281407035176        0                        0                        -3.416910782740119E-7    -4.548768603373815E-7    4.46165034512054E-9      2.3263811119664566E-9    -1.5210607269243418E-8   -1.3481386688001826E-6
3.165829145728643         0                        0                        -3.3226969325120477E-7   -4.574863026447441E-7    4.4217005061094786E-9    2.312910421653197E-9     1.1862068876813113E-8    -1.3325241960367465E-6
3.2060301507537687        0                        0                        -3.228389930329664E-7    -4.600044450481025E-7    4.382744396256367E-9     2.2992201073029467E-9    3.836515277434884E-8     -1.3168104661614867E-6
3.2462311557788945        0                        0                        -3.1339897761929695E-7   -4.6243128754745667E-7   4.344782015561202E-9     2.2853101689156915E-9    6.429864442336338E-8     -1.300997479174404E-6
3.2864321608040203        0                        0                        -3.039496470101963E-7    -4.647668301428066E-7    4.307813364023978E-9     2.271180606491431E-9     8.966254382385665E-8     -1.2850852350754978E-6
3.3266331658291457        0                        0                        -2.9449100120566486E-7   -4.670110728341525E-7    4.271838441644705E-9     2.2568314200301785E-9    1.1445685097582857E-7    -1.269073733864769E-6
3.366834170854271         0                        0                        -2.850230402057022E-7    -4.691640156214941E-7    4.236857248423377E-9     2.2422626095319245E-9    1.386815658792793E-7     -1.2529629755422167E-6
3.407035175879397         0                        0                        -2.755457640103084E-7    -4.712256585048317E-7    4.202869784359987E-9     2.22747417499666E-9      1.6233668853420905E-7    -1.2367529601078415E-6
3.447236180904523         0                        0                        -2.660591726194834E-7    -4.731960014841649E-7    4.169876049454545E-9     2.2124661164244014E-9    1.8542221894061765E-7    -1.2204436875616425E-6
3.4874371859296485        0                        0                        -2.5656326603322747E-7   -4.7507504455949407E-7   4.137876043707047E-9     2.197238433815146E-9     2.0793815709850504E-7    -1.2040351579036204E-6
3.527638190954774         0                        0                        -2.4705804425154056E-7   -4.768627877308191E-7    4.1068697671174976E-9    2.181791127168883E-9     2.2988450300787113E-7    -1.1875273711337759E-6
3.5678391959798996        0                        0                        -2.3754350727442233E-7   -4.785592309981398E-7    4.076857219685886E-9     2.1661241964856202E-9    2.512612566687162E-7     -1.1709203272521073E-6
3.608040201005025         0                        0                        -2.2801965510187323E-7   -4.801643743614563E-7    4.047838401412223E-9     2.1502376417653606E-9    2.7206841808103983E-7    -1.1542140262586163E-6
3.648241206030151         0                        0                        -2.1844886155053107E-7   -4.815645979717738E-7    4.075673980671166E-9     2.1335583705203448E-9    2.920559925073271E-7     -1.1373658743111946E-6
3.6884422110552766        0                        0                        -2.088721575238672E-7    -4.827360792382832E-7    4.161851737287835E-9     2.1165686269536677E-9    3.112887601325212E-7     -1.1204267378769252E-6
3.728643216080402         0                        0                        -1.993470372380885E-7    -4.837999080666108E-7    4.2432029078332644E-9    2.100093376361971E-9     3.300748228828612E-7     -1.1034632729688605E-6
3.7688442211055277        0                        0                        -1.8987350069319457E-7   -4.847560844567568E-7    4.319727492307465E-9     2.0841326187452353E-9    3.4841418075834823E-7    -1.0864754795870017E-6
3.809045226130653         0                        0                        -1.804515478891858E-7    -4.856046084087209E-7    4.39142549071042E-9      2.068686354103469E-9     3.663068337589811E-7     -1.0694633577313478E-6
3.8492462311557794        0                        0                        -1.7108117882606195E-7   -4.863454799225032E-7    4.458296903042146E-9     2.0537545824366863E-9    3.837527818847607E-7     -1.052426907401899E-6
3.889447236180905         0                        0                        -1.6176239350382304E-7   -4.869786989981042E-7    4.520341729302643E-9     2.039337303744848E-9     4.007520251356871E-7     -1.0353661285986567E-6
3.92964824120603          0                        0                        -1.5249519192246914E-7   -4.875042656355229E-7    4.5775599694918966E-9    2.025434518028E-9        4.173045635117594E-7     -1.0182810213216186E-6
3.9698492462311563        0                        0                        -1.4327957408200013E-7   -4.879221798347603E-7    4.629951623609916E-9     2.012046225286112E-9     4.3341039701297885E-7    -1.0011715855707863E-6
4.010050251256281         0                        0                        -1.3411553998241632E-7   -4.88232441595816E-7     4.677516691656701E-9     1.9991724255191917E-9    4.490695256393441E-7     -9.840378213461598E-7
4.050251256281407         0                        0                        -1.2500308962371737E-7   -4.884350509186899E-7    4.720255173632253E-9     1.986813118727256E-9     4.642819493908559E-7     -9.66879728647738E-7
4.090452261306534         0                        0                        -1.1594222300590331E-7   -4.885300078033819E-7    4.758167069536571E-9     1.9749683049102654E-9    4.790476682675146E-7     -9.49697307475522E-7
4.130653266331658         0                        0                        -1.069329401289745E-7    -4.885173122498923E-7    4.7912523793696506E-9    1.9636379840682585E-9    4.933666822693194E-7     -9.324905578295113E-7
4.170854271356784         0                        0                        -9.797524099293023E-8    -4.883969642582209E-7    4.819511103131497E-9     1.952822156201214E-9     5.07238991396271E-7      -9.152594797097054E-7
4.211055276381909         0                        0                        -8.906912559777137E-8    -4.881689638283681E-7    4.842943240822107E-9     1.9425208213091465E-9    5.206645956483686E-7     -8.980040731161056E-7
4.251256281407035         0                        0                        -8.021459394349727E-8    -4.878333109603332E-7    4.861548792441481E-9     1.932733979392046E-9     5.336434950256129E-7     -8.807243380487104E-7
4.291457286432161         0                        0                        -7.141164603010815E-8    -4.873900056541168E-7    4.875327757989626E-9     1.923461630449905E-9     5.461756895280039E-7     -8.634202745075213E-7
4.331658291457286         0                        0                        -6.266028185760416E-8    -4.868390479097185E-7    4.884280137466532E-9     1.9147037744827482E-9    5.582611791555408E-7     -8.460918824925376E-7
4.371859296482413         0                        0                        -5.3960501425984826E-8   -4.861804377271386E-7    4.888405930872203E-9     1.906460411490556E-9     5.69899963908225E-7      -8.287391620037585E-7
4.4120603015075375        0                        0                        -4.5312304735250836E-8   -4.85414175106377E-7     4.887705138206639E-9     1.8987315414733265E-9    5.810920437860549E-7     -8.113621130411854E-7
4.452261306532664         0                        0                        -3.6715691785401646E-8   -4.845402600474336E-7    4.882177759469839E-9     1.8915171644310707E-9    5.918374187890316E-7     -7.939607356048174E-7
4.492462311557789         0                        0                        -2.8170662576437402E-8   -4.835586925503085E-7    4.871823794661806E-9     1.8848172803637754E-9    6.021360889171548E-7     -7.765350296946549E-7
4.532663316582914         0                        0                        -1.9677217108358345E-8   -4.824694726150019E-7    4.856643243782539E-9     1.8786318892714645E-9    6.119880541704244E-7     -7.590849953106982E-7
4.572864321608041         0                        0                        -1.1315818924246262E-8   -4.811452555447246E-7    4.888695910111538E-9     1.8694143417279062E-9    6.214536413902285E-7     -7.417049722031487E-7
4.613065326633166         0                        0                        -3.0226124620145103E-9   -4.796991789927759E-7    4.929343048857393E-9     1.8589086108397159E-9    6.306041437461839E-7     -7.243754682596208E-7
4.653266331658291         0                        0                        5.218106447445383E-9     -4.781571753868727E-7    4.96866300227546E-9      1.847711302179316E-9     6.394384278729378E-7     -7.070830156318722E-7
4.693467336683417         0                        0                        1.3406337804133287E-8    -4.765192447270149E-7    5.0066557703657385E-9    1.8358224157467223E-9    6.479564937704897E-7     -6.898276143199032E-7
4.733668341708542         0                        0                        2.1542081608048995E-8    -4.7478538701320273E-7   5.043321353128228E-9     1.823241951541921E-9     6.561583414388395E-7     -6.726092643237143E-7
4.773869346733669         0                        0                        2.9625337859193035E-8    -4.729556022454362E-7    5.078659750562933E-9     1.809969909564928E-9     6.64043970877988E-7      -6.554279656433044E-7
4.814070351758794         0                        0                        3.765610655756472E-8     -4.710298904237152E-7    5.112670962669849E-9     1.7960062898157254E-9    6.716133820879341E-7     -6.382837182786749E-7
4.8542713567839195        0                        0                        4.563438770316459E-8     -4.6900825154803984E-7   5.145354989448976E-9     1.7813510922943277E-9    6.788665750686785E-7     -6.211765222298245E-7
4.894472361809046         0                        0                        5.356018129599244E-8     -4.6689068561841004E-7   5.176711830900318E-9     1.7660043170007253E-9    6.858035498202214E-7     -6.041063774967541E-7
4.93467336683417          0                        0                        6.143348733604805E-8     -4.646771926348257E-7    5.20674148702387E-9      1.7499659639349206E-9    6.924243063425617E-7     -5.870732840794633E-7
4.974874371859297         0                        0                        6.925430582333204E-8     -4.6236777259728697E-7   5.235443957819636E-9     1.733236033096924E-9     6.987288446357009E-7     -5.700772419779515E-7
5.015075376884422         0                        0                        7.702263675784368E-8     -4.5996242550579403E-7   5.262819243287613E-9     1.7158145244867254E-9    7.047171646996378E-7     -5.531182511922203E-7
5.055276381909548         0                        0                        8.473848013958345E-8     -4.574611513603465E-7    5.288867343427803E-9     1.6977014381043244E-9    7.103892665343729E-7     -5.361963117222682E-7
5.0954773869346734        0                        0                        9.240183596855121E-8     -4.548639501609446E-7    5.313588258240207E-9     1.6788967739497162E-9    7.157451501399062E-7     -5.193114235680958E-7
5.135678391959799         0                        0                        1.0001270424474698E-7    -4.5217082190758815E-7   5.336981987724821E-9     1.6594005320229156E-9    7.207848155162375E-7     -5.02463586729703E-7
5.175879396984925         0                        0                        1.0757108496817068E-7    -4.493817666002774E-7    5.359048531881647E-9     1.6392127123239125E-9    7.25508262663367E-7      -4.856528012070897E-7
5.21608040201005          0                        0                        1.1507697813882227E-7    -4.4649678423901233E-7   5.379787890710686E-9     1.6183333148527063E-9    7.299154915812947E-7     -4.688790670002568E-7
5.256281407035176         0                        0                        1.2253038375670195E-7    -4.435158748237925E-7    5.3992000642119375E-9    1.596762339609302E-9     7.340065022700203E-7     -4.52142384109203E-7
5.296482412060302         0                        0                        1.2993130182180966E-7    -4.4043903835461844E-7   5.417285052385403E-9     1.5744997865936952E-9    7.377812947295441E-7     -4.3544275253392893E-7
5.336683417085428         0                        0                        1.3727973233414534E-7    -4.3726627483149003E-7   5.43404285523108E-9      1.551545655805888E-9     7.412398689598663E-7     -4.187801722744343E-7
5.376884422110553         0                        0                        1.44575675293709E-7      -4.339975842544071E-7    5.449473472748968E-9     1.5278999472458803E-9    7.443822249609864E-7     -4.0215464333071945E-7
5.417085427135678         0                        0                        1.5181913070050057E-7    -4.3063296662337E-7      5.463576904939069E-9     1.5035626609136747E-9    7.47208362732905E-7      -3.855661657027848E-7
5.457286432160804         0                        0                        1.5899227482037705E-7    -4.2713997913172583E-7   5.48119979852254E-9      1.4866680533796555E-9    7.496641306606914E-7     -3.6905520165626737E-7
5.49748743718593          0                        0                        1.660211885908389E-7     -4.2343112826189395E-7   5.517122149762283E-9     1.502094874384159E-9     7.516171409037639E-7     -3.527913099583573E-7
5.5376884422110555        0                        0                        1.729659298439365E-7     -4.1964731624530443E-7   5.551441860703087E-9     1.5164899611730364E-9    7.533117423994347E-7     -3.366393276933808E-7
5.577889447236181         0                        0                        1.7982649857966995E-7    -4.1578854308195727E-7   5.584158931344937E-9     1.5298533137463195E-9    7.547479351477041E-7     -3.205992548613377E-7
5.618090452261306         0                        0                        1.866028947980392E-7     -4.118548087718528E-7    5.615273361687828E-9     1.542184932104013E-9     7.559257191485723E-7     -3.046710914622287E-7
5.658291457286432         0                        0                        1.9329511849904435E-7    -4.078461133149906E-7    5.644785151731773E-9     1.5534848162460965E-9    7.568450944020391E-7     -2.888548374960528E-7
5.698492462311559         0                        0                        1.9990316968268536E-7    -4.037624567113709E-7    5.672694301476769E-9     1.5637529661725738E-9    7.575060609081042E-7     -2.7315049296281035E-7
5.738693467336684         0                        0                        2.0642704834896226E-7    -3.9960383896099366E-7   5.699000810922815E-9     1.5729893818834535E-9    7.579086186667681E-7     -2.575580578625016E-7
5.77889447236181          0                        0                        2.128667544978751E-7     -3.95370260063859E-7     5.723704680069906E-9     1.5811940633787324E-9    7.580527676780309E-7     -2.420775321951263E-7
5.819095477386934         0                        0                        2.192222881294236E-7     -3.910617200199668E-7    5.7468059089180495E-9    1.5883670106584104E-9    7.579385079418923E-7     -2.2670891596068495E-7
5.85929648241206          0                        0                        2.2549364924360818E-7    -3.86678218829317E-7     5.7683044974672385E-9    1.5945082237224919E-9    7.575658394583523E-7     -2.1145220915917678E-7
5.899497487437186         0                        0                        2.3168083784042864E-7    -3.822197564919099E-7    5.788200445717473E-9     1.5996177025709745E-9    7.56934762227411E-7      -1.9630741179060218E-7
5.939698492462312         0                        0                        2.3778385391988485E-7    -3.7768633300774493E-7   5.806493753668767E-9     1.6036954472038439E-9    7.560452762490682E-7     -1.8127452385496107E-7
5.9798994974874375        0                        0                        2.4380269748197693E-7    -3.7307794837682264E-7   5.823184421321099E-9     1.6067414576211242E-9    7.548973815233242E-7     -1.6635354535225353E-7
6.0201005025125625        0                        0                        2.4973736852670493E-7    -3.6839460259914293E-7   5.838272448674483E-9     1.6087557338228038E-9    7.534910780501791E-7     -1.5154447628247993E-7
6.060301507537688         0                        0                        2.555878670540689E-7     -3.636362956747057E-7    5.851757835728918E-9     1.6097382758088802E-9    7.518263658296325E-7     -1.3684731664563958E-7
6.100502512562814         0                        0                        2.6135419306406863E-7    -3.588030276035108E-7    5.8636405824844E-9       1.6096890835793537E-9    7.499032448616845E-7     -1.2226206644173267E-7
6.140703517587941         0                        0                        2.6703634655670417E-7    -3.538947983855584E-7    5.873920688940931E-9     1.6086081571342261E-9    7.477217151463351E-7     -1.0778872567075935E-7
6.180904522613066         0                        0                        2.726343275319757E-7     -3.489116080208486E-7    5.882598155098514E-9     1.6064954964734987E-9    7.452817766835843E-7     -9.342729433271961E-8
6.221105527638191         0                        0                        2.7814813598988293E-7    -3.4385345650938114E-7   5.889672980957143E-9     1.6033511015971722E-9    7.425834294734325E-7     -7.917777242761372E-8
6.261306532663316         0                        0                        2.8357777193042616E-7    -3.387203438511563E-7    5.8951451665168215E-9    1.5991749725052397E-9    7.39626673515879E-7      -6.504015995544107E-8
6.301507537688442         0                        0                        2.889232353536053E-7     -3.335122700461738E-7    5.899014711777551E-9     1.5939671091977092E-9    7.364115088109243E-7     -5.1014456916201945E-8
6.341708542713568         0                        0                        2.9418452625942026E-7    -3.282292350944338E-7    5.901281616739327E-9     1.587727511674577E-9     7.329379353585684E-7     -3.7100663309896385E-8
6.381909547738694         0                        0                        2.9923431956839443E-7    -3.228289615418923E-7    5.893666366136485E-9     1.569476092187266E-9     7.292206919777108E-7     -2.337498187552499E-8
6.42211055276382          0                        0                        3.040907607512373E-7     -3.173456773722411E-7    5.879041417405096E-9     1.5439205253397315E-9    7.25319494676457E-7      -9.853560220376414E-9
6.4623115577889445        0                        0                        3.088526710268461E-7     -3.1182021122825285E-7   5.864313817715213E-9     1.5204760746932677E-9    7.212404733849392E-7     3.515069177992561E-9
6.50251256281407          0                        0                        3.1352005039522074E-7    -3.062525631099271E-7    5.849483567066827E-9     1.4991427402478753E-9    7.169836281031567E-7     1.6730906319582536E-8
6.542713567839196         0                        0                        3.180928988563613E-7     -3.006427330172641E-7    5.834550665459957E-9     1.479920522003546E-9     7.125489588311103E-7     2.9793951204393222E-8
6.582914572864323         0                        0                        3.225712164102676E-7     -2.9499072095026375E-7   5.819515112894587E-9     1.4628094199602864E-9    7.079364655687991E-7     4.27042038324246E-8
6.623115577889448         0                        0                        3.2695500305694003E-7    -2.892965269089262E-7    5.804376909370722E-9     1.4478094341180981E-9    7.031461483162241E-7     5.5461664203676725E-8
6.663316582914573         0                        0                        3.3124425879637824E-7    -2.8356015089325145E-7   5.789136054888367E-9     1.4349205644769784E-9    6.981780070733849E-7     6.806633231814928E-8
6.703517587939698         0                        0                        3.3543898362858215E-7    -2.7778159290323924E-7   5.7737925494475105E-9    1.424142811036924E-9     6.930320418402809E-7     8.051820817584278E-8
6.743718592964824         0                        0                        3.395391775535522E-7     -2.719608529388898E-7    5.7583463930481605E-9    1.4154761737979417E-9    6.877082526169128E-7     9.281729177675703E-8
6.78391959798995          0                        0                        3.435448405712881E-7     -2.66097931000203E-7     5.74279758569032E-9      1.4089206527600264E-9    6.822066394032807E-7     1.04963583120892E-7
6.824120603015076         0                        0                        3.4745597268178986E-7    -2.60192827087179E-7     5.727146127373982E-9     1.404476247923181E-9     6.765272021993842E-7     1.1695708220824767E-7
6.864321608040201         0                        0                        3.5127257388505727E-7    -2.5424554119981773E-7   5.711392018099148E-9     1.4021429592874023E-9    6.706699410052232E-7     1.2879778903882374E-7
6.9045226130653266        0                        0                        3.5499464418109076E-7    -2.4825607333811916E-7   5.69553525786582E-9      1.4019207868526936E-9    6.646348558207981E-7     1.4048570361262083E-7
6.944723618090453         0                        0                        3.586221835698903E-7     -2.4222442350208334E-7   5.679575846674001E-9     1.4038097306190512E-9    6.584219466461089E-7     1.5202082592963865E-7
6.984924623115578         0                        0                        3.621551920514555E-7     -2.361505916917101E-7    5.663513784523683E-9     1.4078097905864808E-9    6.52031213481155E-7      1.6340315598987714E-7
7.025125628140705         0                        0                        3.6559366962578657E-7    -2.3003457790699958E-7   5.647349071414872E-9     1.4139209667549756E-9    6.454626563259371E-7     1.7463269379333627E-7
7.065326633165829         0                        0                        3.689376162928837E-7     -2.2387638214795206E-7   5.631081707347568E-9     1.4221432591245433E-9    6.387162751804556E-7     1.8570943934001606E-7
7.105527638190955         0                        0                        3.721870320527465E-7     -2.1767600441456692E-7   5.614711692321767E-9     1.4324766676951763E-9    6.317920700447088E-7     1.9663339262991667E-7
7.1457286432160805        0                        0                        3.753419169053754E-7     -2.114334447068446E-7    5.598239026337471E-9     1.4449211924668804E-9    6.246900409186981E-7     2.07404553663038E-7
7.185929648241206         0                        0                        3.784022708507701E-7     -2.0514870302478502E-7   5.581663709394681E-9     1.4594768334396498E-9    6.174101878024229E-7     2.1802292243938008E-7
7.226130653266332         0                        0                        3.8136809388893053E-7    -1.9882177936838802E-7   5.564985741493393E-9     1.476143590613491E-9     6.099525106958833E-7     2.2848849895894276E-7
7.266331658291457         0                        0                        3.8423938601985715E-7    -1.9245267373765406E-7   5.548205122633621E-9     1.494921463988399E-9     6.023170095990805E-7     2.3880128322172606E-7
7.306532663316583         0                        0                        3.868084360018147E-7     -1.8590998183884197E-7   5.5204100421720854E-9    1.4840659598485768E-9    5.944943983969048E-7     2.487795698730225E-7
7.346733668341709         0                        0                        3.892493636169421E-7     -1.7935122895589355E-7   5.492935460625593E-9     1.4719374556253855E-9    5.865673816196136E-7     2.585554609932702E-7
7.386934673366835         0                        0                        3.915800727074687E-7     -1.7278976615466165E-7   5.466815433127897E-9     1.461346970676445E-9     5.785399616018368E-7     2.681437547763901E-7
7.42713567839196          0                        0                        3.938005632733943E-7     -1.662255934351462E-7    5.4420499596789944E-9    1.452294505001755E-9     5.704121383435742E-7     2.7754445122238186E-7
7.467336683417085         0                        0                        3.959108353147187E-7     -1.5965871079734734E-7   5.418639040278888E-9     1.4447800586013111E-9    5.621839118448257E-7     2.86757550331245E-7
7.507537688442211         0                        0                        3.9791088883144234E-7    -1.5308911824126485E-7   5.3965826749275795E-9    1.4388036314751168E-9    5.538552821055912E-7     2.957830521029804E-7
7.547738693467337         0                        0                        3.998007238235646E-7     -1.465168157668987E-7    5.375880863625063E-9     1.4343652236231711E-9    5.454262491258708E-7     3.0462095653758736E-7
7.5879396984924625        0                        0                        4.0158034029108625E-7    -1.3994180337424912E-7   5.356533606371342E-9     1.4314648350454754E-9    5.368968129056648E-7     3.132712636350667E-7
7.628140703517588         0                        0                        4.0324973823400684E-7    -1.33364081063316E-7     5.338540903166419E-9     1.430102465742028E-9     5.282669734449729E-7     3.217339733954176E-7
7.668341708542713         0                        0                        4.0480891765232625E-7    -1.2678364883409942E-7   5.3219027540102875E-9    1.4302781157128305E-9    5.195367307437951E-7     3.300090858186401E-7
7.708542713567839         0                        0                        4.0625787854604473E-7    -1.2020050668659918E-7   5.30661915890295E-9      1.4319917849578817E-9    5.107060848021314E-7     3.380966009047349E-7
7.748743718592966         0                        0                        4.0759662091516234E-7    -1.1361465462081545E-7   5.292690117844411E-9     1.4352434734771826E-9    5.01775035619982E-7      3.4599651865370146E-7
7.788944723618091         0                        0                        4.088251447596789E-7     -1.0702609263674808E-7   5.280115630834666E-9     1.440033181270731E-9     4.927435831973467E-7     3.5370883906553995E-7
7.8291457286432165        0                        0                        4.099434500795944E-7     -1.0043482073439737E-7   5.268895697873713E-9     1.4463609083385305E-9    4.836117275342259E-7     3.6123356214025014E-7
7.869346733668342         0                        0                        4.10951536874909E-7      -9.384083891376285E-8    5.259030318961559E-9     1.4542266546805784E-9    4.743794686306188E-7     3.685706878778326E-7
7.909547738693467         0                        0                        4.118494051456226E-7     -8.724414717484507E-8    5.250519494098199E-9     1.463630420296875E-9     4.6504680648652615E-7    3.757202162782866E-7
7.949748743718593         0                        0                        4.126370548917351E-7     -8.064474551764357E-8    5.243363223283632E-9     1.47457220518742E-9      4.556137411019474E-7     3.826821473416125E-7
7.98994974874372          0                        0                        4.133144861132467E-7     -7.404263394215842E-8    5.237561506517864E-9     1.4870520093522154E-9    4.4608027247688285E-7    3.8945648106781053E-7
8.030150753768844         0                        0                        4.1388169881015733E-7    -6.743781244839014E-8    5.2331143438008865E-9    1.5010698327912583E-9    4.36446400611333E-7      3.9604321745687995E-7
8.07035175879397          0                        0                        4.143386929824669E-7     -6.083028103633791E-8    5.230021735132707E-9     1.5166256755045523E-9    4.267121255052966E-7     4.024423565088218E-7
8.110552763819095         0                        0                        4.1468546863017545E-7    -5.422003970600244E-8    5.228283680513325E-9     1.5337195374920932E-9    4.1687744715877486E-7    4.086538982236351E-7
8.150753768844222         0                        0                        4.1492202575328297E-7    -4.76070884573831E-8     5.227900179942732E-9     1.5523514187538843E-9    4.069423655717667E-7     4.146778426013205E-7
8.190954773869347         0                        0                        4.149952337821525E-7     -4.098283302224711E-8    5.224751609385216E-9     1.5691778684971677E-9    3.9691016583790875E-7    4.204813689857754E-7
8.231155778894472         0                        0                        4.148204154903307E-7     -3.435689251433561E-8    5.210853828200053E-9     1.5799121537018324E-9    3.868376612748171E-7     4.2601664389510254E-7
8.271356783919598         0                        0                        4.145349231758773E-7     -2.7764637567595637E-8   5.196056659928189E-9     1.5937854611554377E-9    3.7674545460965917E-7    4.3137103895650363E-7
8.311557788944723         0                        0                        4.1413875683879197E-7    -2.120606818202774E-8    5.180360104569615E-9     1.6107977908579814E-9    3.66633545842436E-7      4.365445541699781E-7
8.35175879396985          0                        0                        4.1363191647907484E-7    -1.4681184357631362E-8   5.163764162124336E-9     1.6309491428094643E-9    3.565019349731464E-7     4.415371895355264E-7
8.391959798994975         0                        0                        4.1301440209672587E-7    -8.189986094407102E-9    5.146268832592354E-9     1.654239517009885E-9     3.463506220017915E-7     4.463489450531479E-7
8.4321608040201           0                        0                        4.1228621369174525E-7    -1.7324733923546229E-9   5.127874115973664E-9     1.6806689134592458E-9    3.3617960692837096E-7    4.509798207228435E-7
8.472361809045227         0                        0                        4.1144735126413263E-7    4.691353748526324E-9     5.108580012268273E-9     1.7102373321575461E-9    3.2598888975288393E-7    4.5542981654461266E-7
8.512562814070352         0                        0                        4.1049781481388843E-7    1.1081495328235187E-8    5.0883865214761735E-9    1.7429447731047839E-9    3.157784704753317E-7     4.596989325184554E-7
8.552763819095478         0                        0                        4.0943760434101217E-7    1.743795134677251E-8     5.067293643597368E-9     1.7787912363009622E-9    3.055483490957131E-7     4.6378716864437163E-7
8.592964824120603         0                        0                        4.0826671984550426E-7    2.3760721804137777E-8    5.0453013786318634E-9    1.8177767217460788E-9    2.9529852561402927E-7    4.676945249223616E-7
8.633165829145728         0                        0                        4.069851613273646E-7     3.004980670033124E-8     5.022409726579647E-9     1.8599012294401344E-9    2.8502900003027966E-7    4.714210013524252E-7
8.673366834170857         0                        0                        4.0559292878659286E-7    3.6305206035353136E-8    4.998618687440724E-9     1.905164759383129E-9     2.747397723444636E-7     4.749665979345625E-7
8.71356783919598          0                        0                        4.040900222231896E-7     4.2526919809202985E-8    4.9739282612151E-9       1.953567311575062E-9     2.644308425565823E-7     4.783313146687734E-7
8.753768844221106         0                        0                        4.0247644163715443E-7    4.8714948021881276E-8    4.94833844790277E-9      2.005108886015936E-9     2.5410221066663473E-7    4.815151515550579E-7
8.793969849246231         0                        0                        4.0075218702848744E-7    5.48692906733875E-8      4.921849247503734E-9     2.0597894827057464E-9    2.4375387667462185E-7    4.845181085934161E-7
8.834170854271356         0                        0                        3.9891725839718876E-7    6.098994776372195E-8     4.894460660017994E-9     2.117609101644497E-9     2.333858405805431E-7     4.873401857838478E-7
8.874371859296483         0                        0                        3.96971655743258E-7      6.70769192928848E-8      4.8661726854455445E-9    2.178567742832187E-9     2.2299810238439797E-7    4.899813831263532E-7
8.914572864321608         0                        0                        3.949153790666957E-7     7.313020526087562E-8     4.836985323786395E-9     2.242665406268815E-9     2.1259066208618763E-7    4.924417006209321E-7
8.954773869346734         0                        0                        3.9274842836750174E-7    7.914980566769495E-8     4.806898575040539E-9     2.309902091954386E-9     2.0216351968591128E-7    4.947211382675855E-7
8.99497487437186          0                        0                        3.904708036456757E-7     8.513572051334211E-8     4.775912439207974E-9     2.38027779988889E-9      1.9171667518356912E-7    4.968196960663114E-7
9.035175879396986         0                        0                        3.8808250490121785E-7    9.108794979781749E-8     4.744026916288709E-9     2.4537925300723344E-9    1.8125012857916137E-7    4.987373740171113E-7
9.075376884422111         0                        0                        3.8558353213412813E-7    9.700649352112133E-8     4.711242006282736E-9     2.5304462825047203E-9    1.7076387987268732E-7    5.004741721199849E-7
9.115577889447236         0                        0                        3.8287591544442797E-7    1.0281016732328835E-7    4.658893637368022E-9     2.5831465819845454E-9    1.6045825714951942E-7    5.017961279020624E-7
9.155778894472363         0                        0                        3.799768777271832E-7     1.085042921915273E-7     4.593341451290253E-9     2.633013448572491E-9     1.5028534230297918E-7    5.028619623848392E-7
9.195979899497488         0                        0                        3.769360784608274E-7     1.1412805002410014E-7    4.524723269280804E-9     2.6973782611840687E-9    1.4014079781454703E-7    5.038161377924026E-7
9.236180904522612         0                        0                        3.7375351764536004E-7    1.1968144082100678E-7    4.453039091339652E-9     2.7762410198192667E-9    1.300246236842224E-7     5.046586541247516E-7
9.27638190954774          0                        0                        3.704291952807814E-7     1.2516446458224768E-7    4.378288917466806E-9     2.869601724478095E-9     1.1993681991200504E-7    5.053895113818874E-7
9.316582914572864         0                        0                        3.669631113670917E-7     1.305771213078225E-7     4.300472747662286E-9     2.9774603751605577E-9    1.0987738649789572E-7    5.060087095638094E-7
9.35678391959799          0                        0                        3.633552659042908E-7     1.359194109977315E-7     4.219590581926072E-9     3.099816971866655E-9     9.984632344189358E-8     5.065162486705179E-7
9.396984924623116         0                        0                        3.5960565889237865E-7    1.411913336519743E-7     4.1356424202581635E-9    3.236671514596369E-9     8.984363074399954E-8     5.069121287020126E-7
9.43718592964824          0                        0                        3.557142903313552E-7     1.46392889270551E-7      4.048628262658564E-9     3.3880240033497114E-9    7.98693084042131E-8      5.071963496582933E-7
9.477386934673367         0                        0                        3.516811602212205E-7     1.5152407785346205E-7    3.958548109127281E-9     3.5538744381266954E-9    6.992335642253385E-8     5.073689115393607E-7
9.517587939698492         0                        0                        3.475062685619748E-7     1.5658489940070688E-7    3.865401959664306E-9     3.734222818927299E-9     6.000577479896267E-8     5.074298143452145E-7
9.55778894472362          0                        0                        3.431896153536175E-7     1.615753539122859E-7     3.769189814269639E-9     3.929069145751539E-9     5.011656353349866E-8     5.073790580758544E-7
9.597989949748744         0                        0                        3.3873120059614933E-7    1.6649544138819871E-7    3.669911672943287E-9     4.138413418599402E-9     4.025572262614271E-8     5.072166427312807E-7
9.638190954773869         0                        0                        3.341310242895699E-7     1.7134516182844558E-7    3.5675675356852465E-9    4.362255637470894E-9     3.04232520768944E-8      5.069425683114933E-7
9.678391959798995         0                        0                        3.29389086433879E-7      1.7612451523302664E-7    3.4621574024955104E-9    4.600595802366023E-9     2.0619151885753278E-8    5.065568348164924E-7
9.71859296482412          0                        0                        3.2450538702907714E-7    1.8083350160194153E-7    3.353681273374091E-9     4.853433913284771E-9     1.0843422052720201E-8    5.060594422462777E-7
9.758793969849247         0                        0                        3.194799260751639E-7     1.8547212093519062E-7    3.2421391483209787E-9    5.120769970227164E-9     1.0960625777943299E-9    5.054503906008494E-7
9.798994974874372         0                        0                        3.1431270357213955E-7    1.9004037323277352E-7    3.1275310273361783E-9    5.40260397319317E-9      -8.622926539023478E-9    5.047296798802075E-7
9.839195979899497         0                        0                        3.09003719520004E-7      1.9453825849469043E-7    3.0098569104196873E-9    5.6989359221828024E-9    -1.8313545297733648E-8   5.038973100843517E-7
9.879396984924623         0                        0                        3.035529739187571E-7     1.989657767209416E-7     2.8891167975715105E-9    6.009765817196088E-9     -2.797579369833666E-8    5.029532812132824E-7
9.919597989949752         0                        0                        2.9796046676839885E-7    2.0332292791152667E-7    2.765310688791632E-9     6.335093658232992E-9     -3.7609671740832024E-8   5.018975932669994E-7
9.959798994974875         0                        0                        2.922261980689296E-7     2.076097120664456E-7     2.6384385840800735E-9    6.674919445293513E-9     -4.721517942521933E-8    5.007302462455027E-7
10                        0                        0                        2.863501678203497E-7     2.1182612918569866E-7    2.508500483436848E-9     7.0292431783776686E-9    -5.679231675149884E-8    4.994512401487932E-7
