% x, y, z, R, phi, psi, real(u_asym), imag(u_asym), real(v_asym), imag(v_asym), real(w_asym), imag(w_asym)
  0.631811E+002  0.000000E+000  0.386872E-014  0.631811E+002  0.000000E+000  0.157080E+001 -0.180073E-003 -0.144300E-003  0.000000E+000  0.000000E+000  0.225641E-003 -0.284613E-003
  0.631791E+002  0.000000E+000 -0.493749E+000  0.631811E+002  0.000000E+000  0.157861E+001 -0.343419E-004 -0.275196E-004  0.000000E+000  0.000000E+000  0.245670E-003 -0.309877E-003
  0.631733E+002  0.000000E+000 -0.987468E+000  0.631811E+002  0.000000E+000  0.158643E+001  0.269384E-004  0.215869E-004  0.000000E+000  0.000000E+000  0.225514E-003 -0.284453E-003
  0.631637E+002  0.000000E+000 -0.148113E+001  0.631811E+002  0.000000E+000  0.159424E+001  0.479851E-004  0.384525E-004  0.000000E+000  0.000000E+000  0.191846E-003 -0.241986E-003
  0.631502E+002  0.000000E+000 -0.197469E+001  0.631811E+002  0.000000E+000  0.160206E+001  0.507958E-004  0.407048E-004  0.000000E+000  0.000000E+000  0.156706E-003 -0.197662E-003
  0.631328E+002  0.000000E+000 -0.246814E+001  0.631811E+002  0.000000E+000  0.160987E+001  0.461094E-004  0.369494E-004  0.000000E+000  0.000000E+000  0.125000E-003 -0.157669E-003
  0.631116E+002  0.000000E+000 -0.296144E+001  0.631811E+002  0.000000E+000  0.161769E+001  0.390080E-004  0.312587E-004  0.000000E+000  0.000000E+000  0.982662E-004 -0.123948E-003
  0.630865E+002  0.000000E+000 -0.345455E+001  0.631811E+002  0.000000E+000  0.162550E+001  0.317668E-004  0.254561E-004  0.000000E+000  0.000000E+000  0.765411E-004 -0.965455E-004
  0.630576E+002  0.000000E+000 -0.394746E+001  0.631811E+002  0.000000E+000  0.163332E+001  0.252971E-004  0.202716E-004  0.000000E+000  0.000000E+000  0.592671E-004 -0.747568E-004
  0.630248E+002  0.000000E+000 -0.444012E+001  0.631811E+002  0.000000E+000  0.164113E+001  0.198691E-004  0.159219E-004  0.000000E+000  0.000000E+000  0.457160E-004 -0.576641E-004
  0.629882E+002  0.000000E+000 -0.493252E+001  0.631811E+002  0.000000E+000  0.164895E+001  0.154703E-004  0.123970E-004  0.000000E+000  0.000000E+000  0.351761E-004 -0.443695E-004
  0.629478E+002  0.000000E+000 -0.542461E+001  0.631811E+002  0.000000E+000  0.165676E+001  0.119781E-004  0.959852E-005  0.000000E+000  0.000000E+000  0.270234E-004 -0.340861E-004
  0.629034E+002  0.000000E+000 -0.591637E+001  0.631811E+002  0.000000E+000  0.166458E+001  0.924080E-005  0.740504E-005  0.000000E+000  0.000000E+000  0.207398E-004 -0.261602E-004
  0.628553E+002  0.000000E+000 -0.640777E+001  0.631811E+002  0.000000E+000  0.167239E+001  0.711261E-005  0.569963E-005  0.000000E+000  0.000000E+000  0.159079E-004 -0.200656E-004
  0.628033E+002  0.000000E+000 -0.689877E+001  0.631811E+002  0.000000E+000  0.168021E+001  0.546657E-005  0.438059E-005  0.000000E+000  0.000000E+000  0.121980E-004 -0.153860E-004
  0.627475E+002  0.000000E+000 -0.738936E+001  0.631811E+002  0.000000E+000  0.168802E+001  0.419773E-005  0.336382E-005  0.000000E+000  0.000000E+000  0.935211E-005 -0.117963E-004
  0.626878E+002  0.000000E+000 -0.787950E+001  0.631811E+002  0.000000E+000  0.169583E+001  0.322178E-005  0.258174E-005  0.000000E+000  0.000000E+000  0.717025E-005 -0.904423E-005
  0.626243E+002  0.000000E+000 -0.836915E+001  0.631811E+002  0.000000E+000  0.170365E+001  0.247213E-005  0.198102E-005  0.000000E+000  0.000000E+000  0.549798E-005 -0.693490E-005
  0.625570E+002  0.000000E+000 -0.885829E+001  0.631811E+002  0.000000E+000  0.171146E+001  0.189680E-005  0.151998E-005  0.000000E+000  0.000000E+000  0.421644E-005 -0.531842E-005
  0.624858E+002  0.000000E+000 -0.934689E+001  0.631811E+002  0.000000E+000  0.171928E+001  0.145546E-005  0.116632E-005  0.000000E+000  0.000000E+000  0.323433E-005 -0.407964E-005
  0.624109E+002  0.000000E+000 -0.983492E+001  0.631811E+002  0.000000E+000  0.172709E+001  0.111698E-005  0.895085E-006  0.000000E+000  0.000000E+000  0.248163E-005 -0.313022E-005
  0.623321E+002  0.000000E+000 -0.103224E+002  0.631811E+002  0.000000E+000  0.173491E+001  0.857413E-006  0.687081E-006  0.000000E+000  0.000000E+000  0.190466E-005 -0.240245E-005
  0.622496E+002  0.000000E+000 -0.108092E+002  0.631811E+002  0.000000E+000  0.174272E+001  0.658342E-006  0.527557E-006  0.000000E+000  0.000000E+000  0.146230E-005 -0.184448E-005
  0.621632E+002  0.000000E+000 -0.112953E+002  0.631811E+002  0.000000E+000  0.175054E+001  0.505648E-006  0.405197E-006  0.000000E+000  0.000000E+000  0.112306E-005 -0.141658E-005
  0.620730E+002  0.000000E+000 -0.117807E+002  0.631811E+002  0.000000E+000  0.175835E+001  0.388503E-006  0.311324E-006  0.000000E+000  0.000000E+000  0.862840E-006 -0.108835E-005
  0.619791E+002  0.000000E+000 -0.122655E+002  0.631811E+002  0.000000E+000  0.176617E+001  0.298608E-006  0.239287E-006  0.000000E+000  0.000000E+000  0.663167E-006 -0.836489E-006
  0.618813E+002  0.000000E+000 -0.127495E+002  0.631811E+002  0.000000E+000  0.177398E+001  0.229603E-006  0.183990E-006  0.000000E+000  0.000000E+000  0.509907E-006 -0.643173E-006
  0.617798E+002  0.000000E+000 -0.132327E+002  0.631811E+002  0.000000E+000  0.178180E+001  0.176617E-006  0.141531E-006  0.000000E+000  0.000000E+000  0.392230E-006 -0.494741E-006
  0.616745E+002  0.000000E+000 -0.137151E+002  0.631811E+002  0.000000E+000  0.178961E+001  0.135918E-006  0.108917E-006  0.000000E+000  0.000000E+000  0.301842E-006 -0.380730E-006
  0.615654E+002  0.000000E+000 -0.141966E+002  0.631811E+002  0.000000E+000  0.179743E+001  0.104645E-006  0.838560E-007  0.000000E+000  0.000000E+000  0.232390E-006 -0.293126E-006
  0.614526E+002  0.000000E+000 -0.146773E+002  0.631811E+002  0.000000E+000  0.180524E+001  0.806044E-007  0.645917E-007  0.000000E+000  0.000000E+000  0.179002E-006 -0.225785E-006
  0.613360E+002  0.000000E+000 -0.151571E+002  0.631811E+002  0.000000E+000  0.181306E+001  0.621172E-007  0.497771E-007  0.000000E+000  0.000000E+000  0.137946E-006 -0.173999E-006
  0.612157E+002  0.000000E+000 -0.156360E+002  0.631811E+002  0.000000E+000  0.182087E+001  0.478942E-007  0.383796E-007  0.000000E+000  0.000000E+000  0.106360E-006 -0.134158E-006
  0.610916E+002  0.000000E+000 -0.161139E+002  0.631811E+002  0.000000E+000  0.182869E+001  0.369469E-007  0.296071E-007  0.000000E+000  0.000000E+000  0.820491E-007 -0.103493E-006
  0.609639E+002  0.000000E+000 -0.165908E+002  0.631811E+002  0.000000E+000  0.183650E+001  0.285171E-007  0.228519E-007  0.000000E+000  0.000000E+000  0.633287E-007 -0.798799E-007
  0.608323E+002  0.000000E+000 -0.170667E+002  0.631811E+002  0.000000E+000  0.184432E+001  0.220227E-007  0.176477E-007  0.000000E+000  0.000000E+000  0.489065E-007 -0.616884E-007
  0.606971E+002  0.000000E+000 -0.175416E+002  0.631811E+002  0.000000E+000  0.185213E+001  0.170170E-007  0.136364E-007  0.000000E+000  0.000000E+000  0.377901E-007 -0.476667E-007
  0.605582E+002  0.000000E+000 -0.180154E+002  0.631811E+002  0.000000E+000  0.185995E+001  0.131567E-007  0.105430E-007  0.000000E+000  0.000000E+000  0.292174E-007 -0.368535E-007
  0.604155E+002  0.000000E+000 -0.184881E+002  0.631811E+002  0.000000E+000  0.186776E+001  0.101782E-007  0.815621E-008  0.000000E+000  0.000000E+000  0.226030E-007 -0.285103E-007
  0.602692E+002  0.000000E+000 -0.189597E+002  0.631811E+002  0.000000E+000  0.187558E+001  0.787881E-008  0.631362E-008  0.000000E+000  0.000000E+000  0.174967E-007 -0.220695E-007
  0.601192E+002  0.000000E+000 -0.194301E+002  0.631811E+002  0.000000E+000  0.188339E+001  0.610272E-008  0.489037E-008  0.000000E+000  0.000000E+000  0.135525E-007 -0.170944E-007
  0.599655E+002  0.000000E+000 -0.198993E+002  0.631811E+002  0.000000E+000  0.189121E+001  0.473006E-008  0.379039E-008  0.000000E+000  0.000000E+000  0.105041E-007 -0.132494E-007
  0.598082E+002  0.000000E+000 -0.203673E+002  0.631811E+002  0.000000E+000  0.189902E+001  0.366856E-008  0.293977E-008  0.000000E+000  0.000000E+000  0.814686E-008 -0.102761E-007
  0.596472E+002  0.000000E+000 -0.208341E+002  0.631811E+002  0.000000E+000  0.190684E+001  0.284720E-008  0.228158E-008  0.000000E+000  0.000000E+000  0.632285E-008 -0.797535E-008
  0.594825E+002  0.000000E+000 -0.212996E+002  0.631811E+002  0.000000E+000  0.191465E+001  0.221127E-008  0.177198E-008  0.000000E+000  0.000000E+000  0.491061E-008 -0.619402E-008
  0.593143E+002  0.000000E+000 -0.217638E+002  0.631811E+002  0.000000E+000  0.192247E+001  0.171858E-008  0.137717E-008  0.000000E+000  0.000000E+000  0.381650E-008 -0.481395E-008
  0.591424E+002  0.000000E+000 -0.222266E+002  0.631811E+002  0.000000E+000  0.193028E+001  0.133664E-008  0.107110E-008  0.000000E+000  0.000000E+000  0.296830E-008 -0.374408E-008
  0.589669E+002  0.000000E+000 -0.226882E+002  0.631811E+002  0.000000E+000  0.193810E+001  0.104034E-008  0.833670E-009  0.000000E+000  0.000000E+000  0.231031E-008 -0.291412E-008
  0.587878E+002  0.000000E+000 -0.231483E+002  0.631811E+002  0.000000E+000  0.194591E+001  0.810338E-009  0.649358E-009  0.000000E+000  0.000000E+000  0.179954E-008 -0.226985E-008
  0.586051E+002  0.000000E+000 -0.236070E+002  0.631811E+002  0.000000E+000  0.195373E+001  0.631669E-009  0.506183E-009  0.000000E+000  0.000000E+000  0.140276E-008 -0.176938E-008
  0.584188E+002  0.000000E+000 -0.240643E+002  0.631811E+002  0.000000E+000  0.196154E+001  0.492780E-009  0.394885E-009  0.000000E+000  0.000000E+000  0.109433E-008 -0.138033E-008
  0.582290E+002  0.000000E+000 -0.245201E+002  0.631811E+002  0.000000E+000  0.196936E+001  0.384736E-009  0.308305E-009  0.000000E+000  0.000000E+000  0.854392E-009 -0.107769E-008
  0.580356E+002  0.000000E+000 -0.249744E+002  0.631811E+002  0.000000E+000  0.197717E+001  0.300625E-009  0.240904E-009  0.000000E+000  0.000000E+000  0.667605E-009 -0.842087E-009
  0.578386E+002  0.000000E+000 -0.254271E+002  0.631811E+002  0.000000E+000  0.198499E+001  0.235098E-009  0.188394E-009  0.000000E+000  0.000000E+000  0.522087E-009 -0.658536E-009
  0.576382E+002  0.000000E+000 -0.258784E+002  0.631811E+002  0.000000E+000  0.199280E+001  0.184008E-009  0.147453E-009  0.000000E+000  0.000000E+000  0.408631E-009 -0.515429E-009
  0.574342E+002  0.000000E+000 -0.263280E+002  0.631811E+002  0.000000E+000  0.200062E+001  0.144145E-009  0.115509E-009  0.000000E+000  0.000000E+000  0.320105E-009 -0.403766E-009
  0.572267E+002  0.000000E+000 -0.267760E+002  0.631811E+002  0.000000E+000  0.200843E+001  0.113016E-009  0.905643E-010  0.000000E+000  0.000000E+000  0.250977E-009 -0.316571E-009
  0.570157E+002  0.000000E+000 -0.272224E+002  0.631811E+002  0.000000E+000  0.201625E+001  0.886882E-010  0.710696E-010  0.000000E+000  0.000000E+000  0.196952E-009 -0.248426E-009
  0.568012E+002  0.000000E+000 -0.276672E+002  0.631811E+002  0.000000E+000  0.202406E+001  0.696601E-010  0.558216E-010  0.000000E+000  0.000000E+000  0.154696E-009 -0.195126E-009
  0.565832E+002  0.000000E+000 -0.281102E+002  0.631811E+002  0.000000E+000  0.203188E+001  0.547648E-010  0.438853E-010  0.000000E+000  0.000000E+000  0.121617E-009 -0.153403E-009
  0.563618E+002  0.000000E+000 -0.285515E+002  0.631811E+002  0.000000E+000  0.203969E+001  0.430946E-010  0.345335E-010  0.000000E+000  0.000000E+000  0.957012E-010 -0.120713E-009
  0.561370E+002  0.000000E+000 -0.289911E+002  0.631811E+002  0.000000E+000  0.204751E+001  0.339435E-010  0.272003E-010  0.000000E+000  0.000000E+000  0.753791E-010 -0.950797E-010
  0.559087E+002  0.000000E+000 -0.294289E+002  0.631811E+002  0.000000E+000  0.205532E+001  0.267613E-010  0.214449E-010  0.000000E+000  0.000000E+000  0.594294E-010 -0.749615E-010
  0.556770E+002  0.000000E+000 -0.298650E+002  0.631811E+002  0.000000E+000  0.206314E+001  0.211194E-010  0.169238E-010  0.000000E+000  0.000000E+000  0.469003E-010 -0.591579E-010
  0.554419E+002  0.000000E+000 -0.302992E+002  0.631811E+002  0.000000E+000  0.207095E+001  0.166835E-010  0.133691E-010  0.000000E+000  0.000000E+000  0.370493E-010 -0.467323E-010
  0.552035E+002  0.000000E+000 -0.307315E+002  0.631811E+002  0.000000E+000  0.207877E+001  0.131925E-010  0.105717E-010  0.000000E+000  0.000000E+000  0.292969E-010 -0.369537E-010
  0.549616E+002  0.000000E+000 -0.311620E+002  0.631811E+002  0.000000E+000  0.208658E+001  0.104426E-010  0.836813E-011  0.000000E+000  0.000000E+000  0.231902E-010 -0.292511E-010
  0.547164E+002  0.000000E+000 -0.315905E+002  0.631811E+002  0.000000E+000  0.209440E+001  0.827452E-011  0.663072E-011  0.000000E+000  0.000000E+000  0.183754E-010 -0.231779E-010
  0.544679E+002  0.000000E+000 -0.320172E+002  0.631811E+002  0.000000E+000  0.210221E+001  0.656342E-011  0.525955E-011  0.000000E+000  0.000000E+000  0.145755E-010 -0.183849E-010
  0.542160E+002  0.000000E+000 -0.324418E+002  0.631811E+002  0.000000E+000  0.211002E+001  0.521169E-011  0.417635E-011  0.000000E+000  0.000000E+000  0.115737E-010 -0.145986E-010
  0.539608E+002  0.000000E+000 -0.328645E+002  0.631811E+002  0.000000E+000  0.211784E+001  0.414281E-011  0.331980E-011  0.000000E+000  0.000000E+000  0.920003E-011 -0.116045E-010
  0.537023E+002  0.000000E+000 -0.332852E+002  0.631811E+002  0.000000E+000  0.212565E+001  0.329673E-011  0.264181E-011  0.000000E+000  0.000000E+000  0.732113E-011 -0.923454E-011
  0.534406E+002  0.000000E+000 -0.337039E+002  0.631811E+002  0.000000E+000  0.213347E+001  0.262635E-011  0.210460E-011  0.000000E+000  0.000000E+000  0.583239E-011 -0.735671E-011
  0.531755E+002  0.000000E+000 -0.341205E+002  0.631811E+002  0.000000E+000  0.214128E+001  0.209462E-011  0.167851E-011  0.000000E+000  0.000000E+000  0.465158E-011 -0.586729E-011
  0.529073E+002  0.000000E+000 -0.345350E+002  0.631811E+002  0.000000E+000  0.214910E+001  0.167244E-011  0.134020E-011  0.000000E+000  0.000000E+000  0.371404E-011 -0.468471E-011
  0.526358E+002  0.000000E+000 -0.349474E+002  0.631811E+002  0.000000E+000  0.215691E+001  0.133689E-011  0.107130E-011  0.000000E+000  0.000000E+000  0.296885E-011 -0.374478E-011
  0.523611E+002  0.000000E+000 -0.353577E+002  0.631811E+002  0.000000E+000  0.216473E+001  0.106989E-011  0.857350E-012  0.000000E+000  0.000000E+000  0.237594E-011 -0.299690E-011
  0.520831E+002  0.000000E+000 -0.357658E+002  0.631811E+002  0.000000E+000  0.217254E+001  0.857227E-012  0.686932E-012  0.000000E+000  0.000000E+000  0.190366E-011 -0.240119E-011
  0.518020E+002  0.000000E+000 -0.361717E+002  0.631811E+002  0.000000E+000  0.218036E+001  0.687648E-012  0.551041E-012  0.000000E+000  0.000000E+000  0.152708E-011 -0.192618E-011
  0.515178E+002  0.000000E+000 -0.365754E+002  0.631811E+002  0.000000E+000  0.218817E+001  0.552278E-012  0.442563E-012  0.000000E+000  0.000000E+000  0.122646E-011 -0.154700E-011
  0.512304E+002  0.000000E+000 -0.369769E+002  0.631811E+002  0.000000E+000  0.219599E+001  0.444095E-012  0.355872E-012  0.000000E+000  0.000000E+000  0.986212E-012 -0.124396E-011
  0.509399E+002  0.000000E+000 -0.373762E+002  0.631811E+002  0.000000E+000  0.220380E+001  0.357542E-012  0.286513E-012  0.000000E+000  0.000000E+000  0.794001E-012 -0.100152E-011
  0.506462E+002  0.000000E+000 -0.377731E+002  0.631811E+002  0.000000E+000  0.221162E+001  0.288214E-012  0.230958E-012  0.000000E+000  0.000000E+000  0.640044E-012 -0.807323E-012
  0.503495E+002  0.000000E+000 -0.381677E+002  0.631811E+002  0.000000E+000  0.221943E+001  0.232621E-012  0.186409E-012  0.000000E+000  0.000000E+000  0.516587E-012 -0.651599E-012
  0.500497E+002  0.000000E+000 -0.385600E+002  0.631811E+002  0.000000E+000  0.222725E+001  0.187989E-012  0.150643E-012  0.000000E+000  0.000000E+000  0.417471E-012 -0.526579E-012
  0.497468E+002  0.000000E+000 -0.389500E+002  0.631811E+002  0.000000E+000  0.223506E+001  0.152114E-012  0.121896E-012  0.000000E+000  0.000000E+000  0.337804E-012 -0.426090E-012
  0.494409E+002  0.000000E+000 -0.393376E+002  0.631811E+002  0.000000E+000  0.224288E+001  0.123245E-012  0.987613E-013  0.000000E+000  0.000000E+000  0.273693E-012 -0.345224E-012
  0.491320E+002  0.000000E+000 -0.397227E+002  0.631811E+002  0.000000E+000  0.225069E+001  0.999850E-013  0.801222E-013  0.000000E+000  0.000000E+000  0.222039E-012 -0.280070E-012
  0.488200E+002  0.000000E+000 -0.401055E+002  0.631811E+002  0.000000E+000  0.225851E+001  0.812218E-013  0.650864E-013  0.000000E+000  0.000000E+000  0.180371E-012 -0.227512E-012
  0.485051E+002  0.000000E+000 -0.404858E+002  0.631811E+002  0.000000E+000  0.226632E+001  0.660675E-013  0.529427E-013  0.000000E+000  0.000000E+000  0.146718E-012 -0.185063E-012
  0.481873E+002  0.000000E+000 -0.408636E+002  0.631811E+002  0.000000E+000  0.227414E+001  0.538129E-013  0.431226E-013  0.000000E+000  0.000000E+000  0.119504E-012 -0.150736E-012
  0.478664E+002  0.000000E+000 -0.412389E+002  0.631811E+002  0.000000E+000  0.228195E+001  0.438908E-013  0.351716E-013  0.000000E+000  0.000000E+000  0.974694E-013 -0.122943E-012
  0.475427E+002  0.000000E+000 -0.416117E+002  0.631811E+002  0.000000E+000  0.228977E+001  0.358472E-013  0.287258E-013  0.000000E+000  0.000000E+000  0.796067E-013 -0.100412E-012
  0.472161E+002  0.000000E+000 -0.419820E+002  0.631811E+002  0.000000E+000  0.229758E+001  0.293181E-013  0.234938E-013  0.000000E+000  0.000000E+000  0.651073E-013 -0.821234E-013
  0.468865E+002  0.000000E+000 -0.423497E+002  0.631811E+002  0.000000E+000  0.230540E+001  0.240116E-013  0.192415E-013  0.000000E+000  0.000000E+000  0.533230E-013 -0.672592E-013
  0.465542E+002  0.000000E+000 -0.427148E+002  0.631811E+002  0.000000E+000  0.231321E+001  0.196932E-013  0.157810E-013  0.000000E+000  0.000000E+000  0.437331E-013 -0.551629E-013
  0.462189E+002  0.000000E+000 -0.430773E+002  0.631811E+002  0.000000E+000  0.232103E+001  0.161743E-013  0.129611E-013  0.000000E+000  0.000000E+000  0.359187E-013 -0.453061E-013
  0.458809E+002  0.000000E+000 -0.434372E+002  0.631811E+002  0.000000E+000  0.232884E+001  0.133032E-013  0.106604E-013  0.000000E+000  0.000000E+000  0.295427E-013 -0.372638E-013
  0.455400E+002  0.000000E+000 -0.437944E+002  0.631811E+002  0.000000E+000  0.233666E+001  0.109575E-013  0.878072E-014  0.000000E+000  0.000000E+000  0.243336E-013 -0.306933E-013
  0.451964E+002  0.000000E+000 -0.441490E+002  0.631811E+002  0.000000E+000  0.234447E+001  0.903856E-014  0.724298E-014  0.000000E+000  0.000000E+000  0.200721E-013 -0.253181E-013
  0.448500E+002  0.000000E+000 -0.445008E+002  0.631811E+002  0.000000E+000  0.235229E+001  0.746659E-014  0.598329E-014  0.000000E+000  0.000000E+000  0.165812E-013 -0.209148E-013
  0.445008E+002  0.000000E+000 -0.448500E+002  0.631811E+002  0.000000E+000  0.236010E+001  0.617712E-014  0.494999E-014  0.000000E+000  0.000000E+000  0.137177E-013 -0.173028E-013
  0.441490E+002  0.000000E+000 -0.451964E+002  0.631811E+002  0.000000E+000  0.236792E+001  0.511795E-014  0.410123E-014  0.000000E+000  0.000000E+000  0.113655E-013 -0.143360E-013
  0.437944E+002  0.000000E+000 -0.455400E+002  0.631811E+002  0.000000E+000  0.237573E+001  0.424675E-014  0.340310E-014  0.000000E+000  0.000000E+000  0.943085E-014 -0.118956E-013
  0.434372E+002  0.000000E+000 -0.458809E+002  0.631811E+002  0.000000E+000  0.238355E+001  0.352917E-014  0.282808E-014  0.000000E+000  0.000000E+000  0.783732E-014 -0.988564E-014
  0.430773E+002  0.000000E+000 -0.462189E+002  0.631811E+002  0.000000E+000  0.239136E+001  0.293731E-014  0.235379E-014  0.000000E+000  0.000000E+000  0.652296E-014 -0.822777E-014
  0.427148E+002  0.000000E+000 -0.465542E+002  0.631811E+002  0.000000E+000  0.239918E+001  0.244846E-014  0.196206E-014  0.000000E+000  0.000000E+000  0.543736E-014 -0.685844E-014
  0.423497E+002  0.000000E+000 -0.468865E+002  0.631811E+002  0.000000E+000  0.240699E+001  0.204412E-014  0.163804E-014  0.000000E+000  0.000000E+000  0.453943E-014 -0.572583E-014
  0.419820E+002  0.000000E+000 -0.472161E+002  0.631811E+002  0.000000E+000  0.241481E+001  0.170921E-014  0.136966E-014  0.000000E+000  0.000000E+000  0.379569E-014 -0.478771E-014
  0.416117E+002  0.000000E+000 -0.475427E+002  0.631811E+002  0.000000E+000  0.242262E+001  0.143141E-014  0.114705E-014  0.000000E+000  0.000000E+000  0.317877E-014 -0.400956E-014
  0.412389E+002  0.000000E+000 -0.478664E+002  0.631811E+002  0.000000E+000  0.243044E+001  0.120066E-014  0.962136E-015  0.000000E+000  0.000000E+000  0.266632E-014 -0.336318E-014
  0.408636E+002  0.000000E+000 -0.481873E+002  0.631811E+002  0.000000E+000  0.243825E+001  0.100870E-014  0.808313E-015  0.000000E+000  0.000000E+000  0.224004E-014 -0.282549E-014
  0.404858E+002  0.000000E+000 -0.485051E+002  0.631811E+002  0.000000E+000  0.244607E+001  0.848787E-015  0.680168E-015  0.000000E+000  0.000000E+000  0.188492E-014 -0.237755E-014
  0.401055E+002  0.000000E+000 -0.488200E+002  0.631811E+002  0.000000E+000  0.245388E+001  0.715376E-015  0.573261E-015  0.000000E+000  0.000000E+000  0.158865E-014 -0.200385E-014
  0.397227E+002  0.000000E+000 -0.491320E+002  0.631811E+002  0.000000E+000  0.246170E+001  0.603911E-015  0.483939E-015  0.000000E+000  0.000000E+000  0.134112E-014 -0.169163E-014
  0.393376E+002  0.000000E+000 -0.494409E+002  0.631811E+002  0.000000E+000  0.246951E+001  0.510645E-015  0.409202E-015  0.000000E+000  0.000000E+000  0.113400E-014 -0.143038E-014
  0.389500E+002  0.000000E+000 -0.497468E+002  0.631811E+002  0.000000E+000  0.247733E+001  0.432492E-015  0.346574E-015  0.000000E+000  0.000000E+000  0.960445E-015 -0.121146E-014
  0.385600E+002  0.000000E+000 -0.500497E+002  0.631811E+002  0.000000E+000  0.248514E+001  0.366904E-015  0.294016E-015  0.000000E+000  0.000000E+000  0.814793E-015 -0.102774E-014
  0.381677E+002  0.000000E+000 -0.503495E+002  0.631811E+002  0.000000E+000  0.249296E+001  0.311780E-015  0.249843E-015  0.000000E+000  0.000000E+000  0.692378E-015 -0.873334E-015
  0.377731E+002  0.000000E+000 -0.506462E+002  0.631811E+002  0.000000E+000  0.250077E+001  0.265381E-015  0.212661E-015  0.000000E+000  0.000000E+000  0.589338E-015 -0.743364E-015
  0.373762E+002  0.000000E+000 -0.509399E+002  0.631811E+002  0.000000E+000  0.250859E+001  0.226266E-015  0.181317E-015  0.000000E+000  0.000000E+000  0.502475E-015 -0.633799E-015
  0.369769E+002  0.000000E+000 -0.512304E+002  0.631811E+002  0.000000E+000  0.251640E+001  0.193243E-015  0.154854E-015  0.000000E+000  0.000000E+000  0.429140E-015 -0.541297E-015
  0.365754E+002  0.000000E+000 -0.515178E+002  0.631811E+002  0.000000E+000  0.252421E+001  0.165320E-015  0.132478E-015  0.000000E+000  0.000000E+000  0.367131E-015 -0.463082E-015
  0.361717E+002  0.000000E+000 -0.518020E+002  0.631811E+002  0.000000E+000  0.253203E+001  0.141674E-015  0.113529E-015  0.000000E+000  0.000000E+000  0.314619E-015 -0.396846E-015
  0.357658E+002  0.000000E+000 -0.520831E+002  0.631811E+002  0.000000E+000  0.253984E+001  0.121619E-015  0.974581E-016  0.000000E+000  0.000000E+000  0.270081E-015 -0.340668E-015
  0.353577E+002  0.000000E+000 -0.523611E+002  0.631811E+002  0.000000E+000  0.254766E+001  0.104583E-015  0.838066E-016  0.000000E+000  0.000000E+000  0.232250E-015 -0.292949E-015
  0.349474E+002  0.000000E+000 -0.526358E+002  0.631811E+002  0.000000E+000  0.255547E+001  0.900896E-016  0.721926E-016  0.000000E+000  0.000000E+000  0.200064E-015 -0.252352E-015
  0.345350E+002  0.000000E+000 -0.529073E+002  0.631811E+002  0.000000E+000  0.256329E+001  0.777405E-016  0.622967E-016  0.000000E+000  0.000000E+000  0.172640E-015 -0.217760E-015
  0.341205E+002  0.000000E+000 -0.531755E+002  0.631811E+002  0.000000E+000  0.257110E+001  0.672019E-016  0.538517E-016  0.000000E+000  0.000000E+000  0.149237E-015 -0.188240E-015
  0.337039E+002  0.000000E+000 -0.534406E+002  0.631811E+002  0.000000E+000  0.257892E+001  0.581945E-016  0.466337E-016  0.000000E+000  0.000000E+000  0.129234E-015 -0.163010E-015
  0.332852E+002  0.000000E+000 -0.537023E+002  0.631811E+002  0.000000E+000  0.258673E+001  0.504838E-016  0.404548E-016  0.000000E+000  0.000000E+000  0.112110E-015 -0.141411E-015
  0.328645E+002  0.000000E+000 -0.539608E+002  0.631811E+002  0.000000E+000  0.259455E+001  0.438728E-016  0.351571E-016  0.000000E+000  0.000000E+000  0.974293E-016 -0.122893E-015
  0.324418E+002  0.000000E+000 -0.542160E+002  0.631811E+002  0.000000E+000  0.260236E+001  0.381958E-016  0.306079E-016  0.000000E+000  0.000000E+000  0.848223E-016 -0.106991E-015
  0.320172E+002  0.000000E+000 -0.544679E+002  0.631811E+002  0.000000E+000  0.261018E+001  0.333133E-016  0.266953E-016  0.000000E+000  0.000000E+000  0.739795E-016 -0.933144E-016
  0.315905E+002  0.000000E+000 -0.547164E+002  0.631811E+002  0.000000E+000  0.261799E+001  0.291074E-016  0.233250E-016  0.000000E+000  0.000000E+000  0.646394E-016 -0.815332E-016
  0.311620E+002  0.000000E+000 -0.549616E+002  0.631811E+002  0.000000E+000  0.262581E+001  0.254787E-016  0.204171E-016  0.000000E+000  0.000000E+000  0.565811E-016 -0.713688E-016
  0.307315E+002  0.000000E+000 -0.552035E+002  0.631811E+002  0.000000E+000  0.263362E+001  0.223431E-016  0.179044E-016  0.000000E+000  0.000000E+000  0.496177E-016 -0.625856E-016
  0.302992E+002  0.000000E+000 -0.554419E+002  0.631811E+002  0.000000E+000  0.264144E+001  0.196292E-016  0.157297E-016  0.000000E+000  0.000000E+000  0.435911E-016 -0.549838E-016
  0.298650E+002  0.000000E+000 -0.556770E+002  0.631811E+002  0.000000E+000  0.264925E+001  0.172768E-016  0.138446E-016  0.000000E+000  0.000000E+000  0.383669E-016 -0.483943E-016
  0.294289E+002  0.000000E+000 -0.559087E+002  0.631811E+002  0.000000E+000  0.265707E+001  0.152343E-016  0.122079E-016  0.000000E+000  0.000000E+000  0.338312E-016 -0.426732E-016
  0.289911E+002  0.000000E+000 -0.561370E+002  0.631811E+002  0.000000E+000  0.266488E+001  0.134583E-016  0.107847E-016  0.000000E+000  0.000000E+000  0.298871E-016 -0.376983E-016
  0.285515E+002  0.000000E+000 -0.563618E+002  0.631811E+002  0.000000E+000  0.267270E+001  0.119114E-016  0.954514E-017  0.000000E+000  0.000000E+000  0.264520E-016 -0.333654E-016
  0.281102E+002  0.000000E+000 -0.565832E+002  0.631811E+002  0.000000E+000  0.268051E+001  0.105621E-016  0.846387E-017  0.000000E+000  0.000000E+000  0.234555E-016 -0.295858E-016
  0.276672E+002  0.000000E+000 -0.568012E+002  0.631811E+002  0.000000E+000  0.268833E+001  0.938324E-017  0.751918E-017  0.000000E+000  0.000000E+000  0.208376E-016 -0.262836E-016
  0.272224E+002  0.000000E+000 -0.570157E+002  0.631811E+002  0.000000E+000  0.269614E+001  0.835165E-017  0.669253E-017  0.000000E+000  0.000000E+000  0.185467E-016 -0.233940E-016
  0.267760E+002  0.000000E+000 -0.572267E+002  0.631811E+002  0.000000E+000  0.270396E+001  0.744754E-017  0.596803E-017  0.000000E+000  0.000000E+000  0.165389E-016 -0.208614E-016
  0.263280E+002  0.000000E+000 -0.574342E+002  0.631811E+002  0.000000E+000  0.271177E+001  0.665393E-017  0.533207E-017  0.000000E+000  0.000000E+000  0.147765E-016 -0.186384E-016
  0.258784E+002  0.000000E+000 -0.576382E+002  0.631811E+002  0.000000E+000  0.271959E+001  0.595621E-017  0.477296E-017  0.000000E+000  0.000000E+000  0.132271E-016 -0.166841E-016
  0.254271E+002  0.000000E+000 -0.578386E+002  0.631811E+002  0.000000E+000  0.272740E+001  0.534186E-017  0.428066E-017  0.000000E+000  0.000000E+000  0.118628E-016 -0.149632E-016
  0.249744E+002  0.000000E+000 -0.580356E+002  0.631811E+002  0.000000E+000  0.273522E+001  0.480007E-017  0.384650E-017  0.000000E+000  0.000000E+000  0.106596E-016 -0.134456E-016
  0.245201E+002  0.000000E+000 -0.582290E+002  0.631811E+002  0.000000E+000  0.274303E+001  0.432155E-017  0.346304E-017  0.000000E+000  0.000000E+000  0.959696E-017 -0.121052E-016
  0.240643E+002  0.000000E+000 -0.584188E+002  0.631811E+002  0.000000E+000  0.275085E+001  0.389824E-017  0.312383E-017  0.000000E+000  0.000000E+000  0.865692E-017 -0.109194E-016
  0.236070E+002  0.000000E+000 -0.586051E+002  0.631811E+002  0.000000E+000  0.275866E+001  0.352322E-017  0.282331E-017  0.000000E+000  0.000000E+000  0.782410E-017 -0.986897E-017
  0.231483E+002  0.000000E+000 -0.587878E+002  0.631811E+002  0.000000E+000  0.276648E+001  0.319048E-017  0.255666E-017  0.000000E+000  0.000000E+000  0.708516E-017 -0.893690E-017
  0.226882E+002  0.000000E+000 -0.589669E+002  0.631811E+002  0.000000E+000  0.277429E+001  0.289479E-017  0.231972E-017  0.000000E+000  0.000000E+000  0.642853E-017 -0.810866E-017
  0.222266E+002  0.000000E+000 -0.591424E+002  0.631811E+002  0.000000E+000  0.278211E+001  0.263165E-017  0.210885E-017  0.000000E+000  0.000000E+000  0.584418E-017 -0.737157E-017
  0.217638E+002  0.000000E+000 -0.593143E+002  0.631811E+002  0.000000E+000  0.278992E+001  0.239713E-017  0.192092E-017  0.000000E+000  0.000000E+000  0.532337E-017 -0.671465E-017
  0.212996E+002  0.000000E+000 -0.594825E+002  0.631811E+002  0.000000E+000  0.279774E+001  0.218781E-017  0.175318E-017  0.000000E+000  0.000000E+000  0.485852E-017 -0.612831E-017
  0.208341E+002  0.000000E+000 -0.596472E+002  0.631811E+002  0.000000E+000  0.280555E+001  0.200071E-017  0.160325E-017  0.000000E+000  0.000000E+000  0.444302E-017 -0.560422E-017
  0.203673E+002  0.000000E+000 -0.598082E+002  0.631811E+002  0.000000E+000  0.281337E+001  0.183323E-017  0.146904E-017  0.000000E+000  0.000000E+000  0.407109E-017 -0.513509E-017
  0.198993E+002  0.000000E+000 -0.599655E+002  0.631811E+002  0.000000E+000  0.282118E+001  0.168310E-017  0.134874E-017  0.000000E+000  0.000000E+000  0.373771E-017 -0.471458E-017
  0.194301E+002  0.000000E+000 -0.601192E+002  0.631811E+002  0.000000E+000  0.282900E+001  0.154835E-017  0.124076E-017  0.000000E+000  0.000000E+000  0.343846E-017 -0.433711E-017
  0.189597E+002  0.000000E+000 -0.602692E+002  0.631811E+002  0.000000E+000  0.283681E+001  0.142723E-017  0.114370E-017  0.000000E+000  0.000000E+000  0.316948E-017 -0.399784E-017
  0.184881E+002  0.000000E+000 -0.604155E+002  0.631811E+002  0.000000E+000  0.284463E+001  0.131821E-017  0.105634E-017  0.000000E+000  0.000000E+000  0.292739E-017 -0.369247E-017
  0.180154E+002  0.000000E+000 -0.605582E+002  0.631811E+002  0.000000E+000  0.285244E+001  0.121997E-017  0.977610E-018  0.000000E+000  0.000000E+000  0.270921E-017 -0.341727E-017
  0.175416E+002  0.000000E+000 -0.606971E+002  0.631811E+002  0.000000E+000  0.286026E+001  0.113131E-017  0.906568E-018  0.000000E+000  0.000000E+000  0.251233E-017 -0.316894E-017
  0.170667E+002  0.000000E+000 -0.608323E+002  0.631811E+002  0.000000E+000  0.286807E+001  0.105121E-017  0.842381E-018  0.000000E+000  0.000000E+000  0.233445E-017 -0.294457E-017
  0.165908E+002  0.000000E+000 -0.609639E+002  0.631811E+002  0.000000E+000  0.287589E+001  0.978759E-018  0.784321E-018  0.000000E+000  0.000000E+000  0.217355E-017 -0.274162E-017
  0.161139E+002  0.000000E+000 -0.610916E+002  0.631811E+002  0.000000E+000  0.288370E+001  0.913143E-018  0.731739E-018  0.000000E+000  0.000000E+000  0.202784E-017 -0.255782E-017
  0.156360E+002  0.000000E+000 -0.612157E+002  0.631811E+002  0.000000E+000  0.289152E+001  0.853653E-018  0.684068E-018  0.000000E+000  0.000000E+000  0.189573E-017 -0.239118E-017
  0.151571E+002  0.000000E+000 -0.613360E+002  0.631811E+002  0.000000E+000  0.289933E+001  0.799661E-018  0.640802E-018  0.000000E+000  0.000000E+000  0.177583E-017 -0.223994E-017
  0.146773E+002  0.000000E+000 -0.614526E+002  0.631811E+002  0.000000E+000  0.290715E+001  0.750609E-018  0.601494E-018  0.000000E+000  0.000000E+000  0.166689E-017 -0.210254E-017
  0.141966E+002  0.000000E+000 -0.615654E+002  0.631811E+002  0.000000E+000  0.291496E+001  0.706003E-018  0.565750E-018  0.000000E+000  0.000000E+000  0.156784E-017 -0.197760E-017
  0.137151E+002  0.000000E+000 -0.616745E+002  0.631811E+002  0.000000E+000  0.292278E+001  0.665405E-018  0.533217E-018  0.000000E+000  0.000000E+000  0.147768E-017 -0.186388E-017
  0.132327E+002  0.000000E+000 -0.617798E+002  0.631811E+002  0.000000E+000  0.293059E+001  0.628426E-018  0.503584E-018  0.000000E+000  0.000000E+000  0.139556E-017 -0.176029E-017
  0.127495E+002  0.000000E+000 -0.618813E+002  0.631811E+002  0.000000E+000  0.293841E+001  0.594719E-018  0.476573E-018  0.000000E+000  0.000000E+000  0.132071E-017 -0.166588E-017
  0.122655E+002  0.000000E+000 -0.619791E+002  0.631811E+002  0.000000E+000  0.294622E+001  0.563976E-018  0.451937E-018  0.000000E+000  0.000000E+000  0.125243E-017 -0.157976E-017
  0.117807E+002  0.000000E+000 -0.620730E+002  0.631811E+002  0.000000E+000  0.295403E+001  0.535923E-018  0.429457E-018  0.000000E+000  0.000000E+000  0.119014E-017 -0.150118E-017
  0.112953E+002  0.000000E+000 -0.621632E+002  0.631811E+002  0.000000E+000  0.296185E+001  0.510314E-018  0.408936E-018  0.000000E+000  0.000000E+000  0.113327E-017 -0.142945E-017
  0.108092E+002  0.000000E+000 -0.622496E+002  0.631811E+002  0.000000E+000  0.296966E+001  0.486932E-018  0.390199E-018  0.000000E+000  0.000000E+000  0.108134E-017 -0.136395E-017
  0.103224E+002  0.000000E+000 -0.623321E+002  0.631811E+002  0.000000E+000  0.297748E+001  0.465582E-018  0.373090E-018  0.000000E+000  0.000000E+000  0.103393E-017 -0.130415E-017
  0.983492E+001  0.000000E+000 -0.624109E+002  0.631811E+002  0.000000E+000  0.298529E+001  0.446089E-018  0.357469E-018  0.000000E+000  0.000000E+000  0.990639E-018 -0.124955E-017
  0.934689E+001  0.000000E+000 -0.624858E+002  0.631811E+002  0.000000E+000  0.299311E+001  0.428297E-018  0.343212E-018  0.000000E+000  0.000000E+000  0.951129E-018 -0.119971E-017
  0.885829E+001  0.000000E+000 -0.625570E+002  0.631811E+002  0.000000E+000  0.300092E+001  0.412068E-018  0.330208E-018  0.000000E+000  0.000000E+000  0.915090E-018 -0.115425E-017
  0.836915E+001  0.000000E+000 -0.626243E+002  0.631811E+002  0.000000E+000  0.300874E+001  0.397278E-018  0.318355E-018  0.000000E+000  0.000000E+000  0.882244E-018 -0.111282E-017
  0.787950E+001  0.000000E+000 -0.626878E+002  0.631811E+002  0.000000E+000  0.301655E+001  0.383814E-018  0.307567E-018  0.000000E+000  0.000000E+000  0.852345E-018 -0.107511E-017
  0.738936E+001  0.000000E+000 -0.627475E+002  0.631811E+002  0.000000E+000  0.302437E+001  0.371579E-018  0.297762E-018  0.000000E+000  0.000000E+000  0.825174E-018 -0.104084E-017
  0.689877E+001  0.000000E+000 -0.628033E+002  0.631811E+002  0.000000E+000  0.303218E+001  0.360483E-018  0.288870E-018  0.000000E+000  0.000000E+000  0.800533E-018 -0.100976E-017
  0.640777E+001  0.000000E+000 -0.628553E+002  0.631811E+002  0.000000E+000  0.304000E+001  0.350447E-018  0.280828E-018  0.000000E+000  0.000000E+000  0.778247E-018 -0.981645E-018
  0.591637E+001  0.000000E+000 -0.629034E+002  0.631811E+002  0.000000E+000  0.304781E+001  0.341402E-018  0.273580E-018  0.000000E+000  0.000000E+000  0.758159E-018 -0.956308E-018
  0.542461E+001  0.000000E+000 -0.629478E+002  0.631811E+002  0.000000E+000  0.305563E+001  0.333285E-018  0.267075E-018  0.000000E+000  0.000000E+000  0.740133E-018 -0.933570E-018
  0.493252E+001  0.000000E+000 -0.629882E+002  0.631811E+002  0.000000E+000  0.306344E+001  0.326040E-018  0.261270E-018  0.000000E+000  0.000000E+000  0.724046E-018 -0.913278E-018
  0.444012E+001  0.000000E+000 -0.630248E+002  0.631811E+002  0.000000E+000  0.307126E+001  0.319621E-018  0.256125E-018  0.000000E+000  0.000000E+000  0.709789E-018 -0.895295E-018
  0.394746E+001  0.000000E+000 -0.630576E+002  0.631811E+002  0.000000E+000  0.307907E+001  0.313983E-018  0.251607E-018  0.000000E+000  0.000000E+000  0.697268E-018 -0.879502E-018
  0.345455E+001  0.000000E+000 -0.630865E+002  0.631811E+002  0.000000E+000  0.308689E+001  0.309090E-018  0.247687E-018  0.000000E+000  0.000000E+000  0.686403E-018 -0.865797E-018
  0.296144E+001  0.000000E+000 -0.631116E+002  0.631811E+002  0.000000E+000  0.309470E+001  0.304910E-018  0.244338E-018  0.000000E+000  0.000000E+000  0.677122E-018 -0.854090E-018
  0.246814E+001  0.000000E+000 -0.631328E+002  0.631811E+002  0.000000E+000  0.310252E+001  0.301418E-018  0.241539E-018  0.000000E+000  0.000000E+000  0.669366E-018 -0.844307E-018
  0.197469E+001  0.000000E+000 -0.631502E+002  0.631811E+002  0.000000E+000  0.311033E+001  0.298590E-018  0.239273E-018  0.000000E+000  0.000000E+000  0.663085E-018 -0.836385E-018
  0.148113E+001  0.000000E+000 -0.631637E+002  0.631811E+002  0.000000E+000  0.311815E+001  0.296408E-018  0.237524E-018  0.000000E+000  0.000000E+000  0.658241E-018 -0.830275E-018
  0.987468E+000  0.000000E+000 -0.631733E+002  0.631811E+002  0.000000E+000  0.312596E+001  0.294860E-018  0.236284E-018  0.000000E+000  0.000000E+000  0.654802E-018 -0.825937E-018
  0.493749E+000  0.000000E+000 -0.631791E+002  0.631811E+002  0.000000E+000  0.313378E+001  0.293935E-018  0.235542E-018  0.000000E+000  0.000000E+000  0.652747E-018 -0.823346E-018
